90828
17757
70786
39915
15144
86473
43902
77431
77060
32789
34618
72547
36576
16705
2934
85263
53692
98221
8850
75579
88408
37337
12366
3495
724
94053
73482
29011
50640
28369
52198
12127
98156
285
8514
12843
3272
69801
2430
91159
25988
96917
93946
7075
26304
41633
43062
20591
64220
63949
9778
91707
99736
23865
54094
80423
92852
81381
36010
46739
3568
96497
15526
50655
91884
29213
52642
52171
17800
39529
7358
11287
41316
87445
39674
88003
22432
32961
9590
42319
21148
36077
77106
34235
97464
56793
2222
23751
11380
55109
44938
70867
22896
91025
65254
35583
92012
24541
23170
77899
